#include <iostream>
#include <fstream>
#include <string>
#include <gtest/gtest.h>

#include "low/MPIwrap.hpp"
#include "fiesta/fiesta.hpp"
#include "fiesta/calculate.hpp"
#include "linear/tensors.hpp"

using namespace std;
using namespace Fiesta;

// create xyz file for test
void write_test_xyz(string filename, string inp_dens, string method, string xcfun="")
{
    // only master process writes to file
    if (NodeGroup.IsMaster()) {
        ofstream f_xyz (filename);
        f_xyz << "#RUN = TEST" << endl;
        f_xyz << "#INPDENS = " << inp_dens << endl;
        f_xyz << "#BASIS = basis/STO-3G.bs" << endl;
        f_xyz << "#CHARGE = 0" << endl;
        f_xyz << "#MULTIPLICITY = 1" << endl;
        f_xyz << "#METHOD = " << method << endl;
        if (xcfun.size() > 0) {
            f_xyz << "#XCFUN = " << xcfun << endl;
        }
        f_xyz << "O          0.000000000000    -0.075791838099     0.000000000000" << endl;
        f_xyz << "H          0.866811766181     0.601435735706     0.000000000000" << endl;
        f_xyz << "H         -0.866811766181     0.601435735706     0.000000000000" << endl;
        f_xyz.close();
    }
    NodeGroup.Sync();
}

// create input density file
void write_test_dens(const int nao, const double* D, string dens_file)
{
    if (NodeGroup.IsMaster()) {
        ofstream f_dens (dens_file);
        f_dens.precision(16);
        for (int mu = 0; mu < nao; mu++) {
            for (int nu = 0; nu < nao; nu++) {
                f_dens << D[mu*nao+nu] << " ";
            }
            f_dens << endl;
        }
        f_dens.close();
    }
    NodeGroup.Sync();
}

// compare two square matrices with AO ordering
double max_diff_2d(const int nao, const tensor2& D1, const double* D2, const int order[])
{
    double maxd = 0.0;
    for (int mu = 0; mu < nao; mu++) {
        for (int nu = 0; nu < nao; nu++) {
            double diff = fabs(D1(order[mu],order[nu]) - D2[mu*nao+nu]);
            if (maxd < diff) {
                maxd = diff;
            }
        }
    }
    return maxd;
}

TEST(Integral, TwoElectronInts)
{
    const int nao = 7;

    // ref D,J,K,F in normal AO order: S,S,Px,Py,Pz,S,S
    const double ref_D[nao*nao] = {
         1.054873659177841,  -0.232797730891988,   0.052622918815842,  -0.000000000000000,   0.000000000000000,  -0.008150588338175,  -0.008150588338175,
        -0.232797730891988,   1.015110808601299,  -0.282300057823490,  -0.000000000000000,  -0.000000000000000,  -0.030539439277929,  -0.030539439277929,
         0.052622918815842,  -0.282300057823490,   0.566041893315619,   0.000000000000000,  -0.000000000000000,   0.258615007005110,   0.258615007005110,
        -0.000000000000000,  -0.000000000000000,   0.000000000000000,   1.000000000000002,  -0.000000000000000,   0.000000000000000,   0.000000000000000,
         0.000000000000000,  -0.000000000000000,  -0.000000000000000,  -0.000000000000000,   0.368794868733726,   0.275098656296493,  -0.275098656296493,
        -0.008150588338175,  -0.030539439277929,   0.258615007005110,   0.000000000000000,   0.275098656296493,   0.334526675426650,  -0.075887227326303,
        -0.008150588338175,  -0.030539439277929,   0.258615007005110,   0.000000000000000,  -0.275098656296493,  -0.075887227326303,   0.334526675426650
    };

    const double ref_J[nao*nao] = {
        8.6041559805453520,  1.6189319827864155,  0.0000000000000000,  0.0000000000000000, -0.0042342235718833,  0.2639500634916078,  0.2639500634916078,
        1.6189319827864159,  4.0406718649982194,  0.0000000000000000,  0.0000000000000000,  0.0181010521986537,  1.2804579496983712,  1.2804579496983712,
       -0.0000000000000000,  0.0000000000000000,  4.0455252351904383,  0.0000000000000000,  0.0000000000000000,  0.0000000000000000,  0.0000000000000000,
       -0.0000000000000000,  0.0000000000000000,  0.0000000000000000,  4.0311084664675816,  0.0000000000000000,  0.8110218185241684, -0.8110218185241684,
       -0.0042342235718833,  0.0181010521986537,  0.0000000000000000,  0.0000000000000000,  4.0334332930650323,  0.6425614738243841,  0.6425614738243840,
        0.2639500634916078,  1.2804579496983712,  0.0000000000000000,  0.8110218185241683,  0.6425614738243841,  2.3464145174673887,  0.4823456666352771,
        0.2639500634916078,  1.2804579496983712,  0.0000000000000000, -0.8110218185241684,  0.6425614738243841,  0.4823456666352771,  2.3464145174673887 
    };

    const double ref_K[nao*nao] = {
        4.8855166269254120,  0.8228113874458912,  0.0000000000000000,  0.0000000000000000,  0.0025371698012181,  0.1411399594199643,  0.1411399594199643,
        0.8228113874458916,  1.2910792713681665,  0.0000000000000000,  0.0000000000000000, -0.0662999956678715,  0.4557432832728824,  0.4557432832728825,
        0.0000000000000000,  0.0000000000000000,  1.1314922598539241,  0.0000000000000000,  0.0000000000000000,  0.0000000000000000,  0.0000000000000000,
        0.0000000000000000,  0.0000000000000000,  0.0000000000000000,  0.8370374731869115,  0.0000000000000000,  0.3046785105616661, -0.3046785105616662,
        0.0025371698012181, -0.0662999956678716,  0.0000000000000000,  0.0000000000000000,  0.9270901137026084,  0.2529355770803595,  0.2529355770803593,
        0.1411399594199643,  0.4557432832728825,  0.0000000000000000,  0.3046785105616657,  0.2529355770803595,  0.5708653117107395,  0.1458360286481717,
        0.1411399594199642,  0.4557432832728824,  0.0000000000000000, -0.3046785105616661,  0.2529355770803594,  0.1458360286481717,  0.5708653117107393
    };

    const double ref_F[nao*nao] = {
      -20.2546001485719955, -5.1637802551199856,  0.0000000000000000,  0.0000000000000000, -0.0254794549582162,  -0.8533423277265844, -0.8533423277265840,
       -5.1637802551199847, -2.4106788803233097,  0.0000000000000000,  0.0000000000000000, -0.0743881698286541,  -0.8015376362004600, -0.8015376362004609,
        0.0000000000000000,  0.0000000000000000, -0.3875867131964708,  0.0000000000000000,  0.0000000000000000,   0.0000000000000000,  0.0000000000000000,
        0.0000000000000000,  0.0000000000000000,  0.0000000000000000, -0.2336399257898210,  0.0000000000000000,  -0.3577852097766888,  0.3577852097766891,
       -0.0254794549582162, -0.0743881698286540,  0.0000000000000000,  0.0000000000000000, -0.2755353502149362,  -0.3246810485869647, -0.3246810485869646,
       -0.8533423277265844, -0.8015376362004600,  0.0000000000000000, -0.3577852097766888, -0.3246810485869648,  -0.4182076184528701, -0.2522908308155771,
       -0.8533423277265840, -0.8015376362004608,  0.0000000000000000,  0.3577852097766890, -0.3246810485869644,  -0.2522908308155772, -0.4182076184528699
    };

    // need to take care of AO order in FIESTA
    //                         S,S,P-1,P0,P1,S,S
    const int ao_order[nao] = {0,1,  3, 4, 2,5,6};

    // create input density
    string dens_file = "input.dens";
    write_test_dens(nao, ref_D, dens_file);

    // create input file
    write_test_xyz(InputFiles[0], dens_file, "RHF");

    // run calculation
    Calculation* TestJob = new Calculation;
    TestJob->Load (InputFiles, Nfiles);
    TestJob->LoadBasis();
    TestJob->Start();

    // check J/K/Fock matrices
    const tensor2& calc_J = TestJob->SystemData.SCF.GetCoulomb();
    const tensor2& calc_K = TestJob->SystemData.SCF.GetExchange();
    const tensor2& calc_F = TestJob->SystemData.SCF.GetFock();
    EXPECT_NEAR(max_diff_2d(nao, calc_J, ref_J, ao_order), 0.0, 1.0e-9);
    EXPECT_NEAR(max_diff_2d(nao, calc_K, ref_K, ao_order), 0.0, 1.0e-9);
    EXPECT_NEAR(max_diff_2d(nao, calc_F, ref_F, ao_order), 0.0, 1.0e-9);
    delete TestJob;
}

TEST(Integral, OneElectronInts)
{
    const int nao = 7;

    // ref D,S,T,V in normal AO order: S,S,Px,Py,Pz,S,S
    const double ref_D[nao*nao] = {
         1.054873659177841,  -0.232797730891988,   0.052622918815842,  -0.000000000000000,   0.000000000000000,  -0.008150588338175,  -0.008150588338175,
        -0.232797730891988,   1.015110808601299,  -0.282300057823490,  -0.000000000000000,  -0.000000000000000,  -0.030539439277929,  -0.030539439277929,
         0.052622918815842,  -0.282300057823490,   0.566041893315619,   0.000000000000000,  -0.000000000000000,   0.258615007005110,   0.258615007005110,
        -0.000000000000000,  -0.000000000000000,   0.000000000000000,   1.000000000000002,  -0.000000000000000,   0.000000000000000,   0.000000000000000,
         0.000000000000000,  -0.000000000000000,  -0.000000000000000,  -0.000000000000000,   0.368794868733726,   0.275098656296493,  -0.275098656296493,
        -0.008150588338175,  -0.030539439277929,   0.258615007005110,   0.000000000000000,   0.275098656296493,   0.334526675426650,  -0.075887227326303,
        -0.008150588338175,  -0.030539439277929,   0.258615007005110,   0.000000000000000,  -0.275098656296493,  -0.075887227326303,   0.334526675426650
    };

    const double ref_S[nao*nao] = {
        0.9999999999999993,  0.2367039365108476,  0.0000000000000000,  0.0000000000000000,  0.0000000000000000,  0.0384056071150126,  0.0384056071150126,
        0.2367039365108476,  0.9999999999999996,  0.0000000000000000,  0.0000000000000000,  0.0000000000000000,  0.3861388872313655,  0.3861388872313655,
        0.0000000000000000,  0.0000000000000000,  0.9999999999999987,  0.0000000000000000,  0.0000000000000000,  0.0000000000000000,  0.0000000000000000,
        0.0000000000000000,  0.0000000000000000,  0.0000000000000000,  0.9999999999999987,  0.0000000000000000,  0.2684382679121757, -0.2684382679121757,
        0.0000000000000000,  0.0000000000000000,  0.0000000000000000,  0.0000000000000000,  0.9999999999999987,  0.2097269603244158,  0.2097269603244158,
        0.0384056071150126,  0.3861388872313655,  0.0000000000000000,  0.2684382679121757,  0.2097269603244158,  0.9999999999999999,  0.1817599213649755,
        0.0384056071150126,  0.3861388872313655,  0.0000000000000000, -0.2684382679121757,  0.2097269603244158,  0.1817599213649755,  0.9999999999999999
    };

    const double ref_T[nao*nao] = {
       29.0031999455395351, -0.1680109393164918,  0.0000000000000000,  0.0000000000000000,  0.0000000000000001, -0.0084163822475669, -0.0084163822475669,
       -0.1680109393164918,  0.8081279549303466,  0.0000000000000000,  0.0000000000000000,  0.0000000000000000,  0.0705173998098346,  0.0705173998098346,
        0.0000000000000000,  0.0000000000000000,  2.5287311981947642,  0.0000000000000000,  0.0000000000000000,  0.0000000000000000,  0.0000000000000000,
        0.0000000000000000,  0.0000000000000000,  0.0000000000000000,  2.5287311981947642,  0.0000000000000000,  0.1470909508918444, -0.1470909508918444,
        0.0000000000000001,  0.0000000000000000,  0.0000000000000000,  0.0000000000000000,  2.5287311981947642,  0.1149200457211533,  0.1149200457211533,
       -0.0084163822475669,  0.0705173998098346,  0.0000000000000000,  0.1470909508918444,  0.1149200457211533,  0.7600318835666084, -0.0039798639048480,
       -0.0084163822475669,  0.0705173998098346,  0.0000000000000000, -0.1470909508918444,  0.1149200457211533, -0.0039798639048480,  0.7600318835666084
    };

    const double ref_V[nao*nao] = {
      -61.5805954282768226, -7.4108218939304331,  0.0000000000000000,  0.0000000000000000, -0.0144738380132316, -1.2316861130422687, -1.2316861130422685,
       -7.4108218939304331,-10.0090712938819291,  0.0000000000000000,  0.0000000000000000, -0.1768902698938329, -2.9772276521341547, -2.9772276521341556,
        0.0000000000000000,  0.0000000000000000, -9.8758761219181874,  0.0000000000000000,  0.0000000000000000,  0.0000000000000000,  0.0000000000000000,
        0.0000000000000000,  0.0000000000000000,  0.0000000000000000, -9.9875505837328369, -0.0000000000000000, -1.8222412871552038,  1.8222412871552041,
       -0.0144738380132316, -0.1768902698938329,  0.0000000000000000, -0.0000000000000000, -9.9440430208371566, -1.4717884648765267, -1.4717884648765265,
       -1.2316861130422687, -2.9772276521341547,  0.0000000000000000, -1.8222412871552041, -1.4717884648765267, -5.3002032252435169, -1.0671662715331116,
       -1.2316861130422685, -2.9772276521341556,  0.0000000000000000,  1.8222412871552041, -1.4717884648765265, -1.0671662715331116, -5.3002032252435169
    };

    // need to take care of AO order in FIESTA
    //                         S,S,P-1,P0,P1,S,S
    const int ao_order[nao] = {0,1,  3, 4, 2,5,6};

    // create input density
    string dens_file = "input.dens";
    write_test_dens(nao, ref_D, dens_file);

    // create input file
    write_test_xyz(InputFiles[0], dens_file, "RHF");

    // run calculation
    Calculation* TestJob = new Calculation;
    TestJob->Load (InputFiles, Nfiles);
    TestJob->LoadBasis();
    TestJob->Start();

    // check S/T/V matrices
    tensor2 calc_S, calc_T, calc_V;
    calc_S = TestJob->SystemData.Sp;
    calc_T = TestJob->SystemData.Tp;
    calc_V = TestJob->SystemData.Vp;
    EXPECT_NEAR(max_diff_2d(nao, calc_S, ref_S, ao_order), 0.0, 1.0e-9);
    EXPECT_NEAR(max_diff_2d(nao, calc_T, ref_T, ao_order), 0.0, 1.0e-9);
    EXPECT_NEAR(max_diff_2d(nao, calc_V, ref_V, ao_order), 0.0, 1.0e-9);
    delete TestJob;
}
